45 300
300 50
727 2132 40 27

Coordinates
1            5           -1          2.5
2       4.5278           -1          2.5
3            5           -1            2
4            5         -0.5          2.5
5       4.6054     -0.75583       2.2465
6       4.5357           -1            2
7            5         -0.5            2
8       4.6707     -0.33272       2.2865
9       4.3305     -0.51547          2.5
10       4.0556           -1          2.5
11       4.3423     -0.48436            2
12            5            0          2.5
13       4.0525     -0.77024       2.1949
14       4.0714           -1            2
15       4.3165     -0.16145       2.3496
16       4.5278            0          2.5
17            5            0            2
18       4.0843     -0.29684       2.3496
19       4.5357            0            2
20       3.8164     -0.59279          2.5
21       3.7077     -0.65896        2.292
22       4.0556            0          2.5
23       3.8393     -0.40617            2
24       3.5833           -1          2.5
25       4.0714            0            2
26       3.6071           -1            2
27       3.6087     -0.33074       2.2906
28        3.375     -0.86461       2.3496
29       3.3472     -0.59383          2.5
30       3.5833            0          2.5
31        3.375     -0.59383            2
32       3.6071            0            2
33       3.1111           -1          2.5
34       3.2076     -0.34673       2.3221
35       3.1429           -1            2
36       3.0708     -0.69918       2.1951
37       3.1111            0          2.5
38        2.878     -0.59279          2.5
39       3.1429            0            2
40       2.9107     -0.40617            2
41       2.8338     -0.15647       2.3723
42       2.6389           -1          2.5
43       2.6786           -1            2
44       2.6389            0          2.5
45       2.6786            0            2
46       2.4914     -0.31856       2.2728
47       2.4028     -0.59383          2.5
48       2.4464     -0.59383            2
49            5          0.2            0
50       4.5333          0.2            0
51       2.2143           -1            2
52       2.1667           -1          2.5
53       2.1651     -0.70196       2.3138
54       4.0837          0.2            0
55            5          0.6            0
56       2.2143            0            2
57       2.1667            0          2.5
58       4.3085      0.60617            0
59       3.6511          0.2            0
60       1.9821     -0.40617            2
61       1.9251     -0.40928          2.5
62       4.6587      0.48775     -0.28775
63       3.8674      0.60617            0
64            5            1            0
65       4.3085          0.2     -0.40617
66            5          0.2         -0.5
67       4.5217            1            0
68         1.75     -0.66667       2.3496
69       3.2356          0.2            0
70         1.75           -1            2
71       1.6944           -1          2.5
72       4.0435            1            0
73       3.8674          0.2     -0.40617
74       3.4433      0.60617            0
75       1.6916     -0.27216       2.1504
76         1.75            0            2
77       1.6944            0          2.5
78       4.0731      0.73744     -0.34957
79       4.2956      0.33437     -0.65043
80       3.5652            1            0
81       3.4433          0.2     -0.40617
82       2.8369          0.2            0
83       1.5179     -0.59383            2
84       3.0362      0.60617            0
85       1.4553     -0.40721          2.5
86            5            1         -0.5
87        4.668      0.52543     -0.75196
88       3.2384      0.54957     -0.27078
89       1.3721     -0.83037       2.3603
90       3.5973      0.58619     -0.50243
91       4.3239            1     -0.51514
92            5          0.2           -1
93       3.0362          0.2     -0.40617
94        3.087            1            0
95       4.5227          0.2           -1
96       1.2857           -1            2
97       2.4549          0.2            0
98       3.9491      0.56271     -0.76024
99       1.2222           -1          2.5
100       2.6459      0.59669            0
101       4.0455          0.2           -1
102            5          0.6           -1
103        3.813            1     -0.59085
104       1.2857            0            2
105       1.2222            0          2.5
106       4.3187      0.60311           -1
107       3.2393      0.44277     -0.68701
108       2.6459          0.2     -0.39669
109       3.5682          0.2           -1
110        2.834      0.55323     -0.45725
111       2.6087            1            0
112        1.019     -0.72969       2.2519
113       2.0894          0.2            0
114       1.0536     -0.40617            2
115       2.2722      0.57957            0
116            5            1           -1
117       3.7788      0.61867           -1
118       3.3105            1       -0.585
119      0.98611     -0.40617          2.5
120       4.5217            1           -1
121       2.4576      0.45875     -0.34957
122       4.0435            1           -1
123       3.0909          0.2           -1
124       2.3087          0.2     -0.47517
125        3.311      0.59044           -1
126      0.82143           -1            2
127         0.75           -1          2.5
128       1.9148      0.56275            0
129       2.8391            1     -0.59085
130       3.5652            1           -1
131       1.7401          0.2            0
132       2.5457      0.39944     -0.72927
133       2.1304            1            0
134       2.0921      0.44744     -0.34957
135      0.75101     -0.27113       2.1504
136      0.82143            0            2
137       2.2638      0.82381       -0.352
138         0.75            0          2.5
139       2.5868       0.8155     -0.69698
140       2.6136          0.2           -1
141       2.8445      0.60883           -1
142       1.9118          0.2     -0.45431
143      0.58929     -0.59383            2
144        3.087            1           -1
145      0.51068     -0.82614       2.3677
146       1.5734      0.54626            0
147      0.51691     -0.40721          2.5
148       2.3696            1     -0.59383
149       1.4067          0.2            0
150       2.0984      0.80802     -0.55531
151       2.0875      0.42881     -0.74338
152       1.5734          0.2     -0.34626
153       1.6522            1            0
154        2.375      0.60617           -1
155      0.35714           -1            2
156       2.1364          0.2           -1
157       2.6087            1           -1
158       1.7493      0.56642     -0.52229
159       1.8757            1       -0.415
160      0.27778           -1          2.5
161       1.2368      0.50292            0
162      0.35714            0            2
163       1.0888          0.2            0
164      0.27778            0          2.5
165      0.17593     -0.65043       2.1667
166       1.2253          0.2      -0.3643
167        0.125     -0.40617            2
168       2.1304            1           -1
169       1.4007      0.34493     -0.65043
170       1.8243      0.56427           -1
171       1.6591          0.2           -1
172     0.047104     -0.40928          2.5
173       1.1739            1            0
174      0.94128      0.56832            0
175       1.4044            1     -0.40915
176      0.78599          0.2            0
177       1.1173      0.69041     -0.34957
178     -0.10714           -1            2
179     -0.19444           -1          2.5
180       1.3703      0.85814     -0.74743
181      0.87585          0.2     -0.47526
182     -0.10714            0            2
183      0.66229      0.50838            0
184       1.6522            1           -1
185      0.79652      0.42557     -0.30311
186      0.49788          0.2            0
187     -0.23176     -0.25621       2.2973
188     -0.19444            0          2.5
189       1.3611      0.63479           -1
190       1.1818          0.2           -1
191      0.59897          0.2     -0.27357
192      0.69565            1            0
193     -0.33929     -0.59383            2
194      0.93478            1     -0.40617
195     -0.43056     -0.59383          2.5
196      0.48593      0.45195       -0.186
197      0.39066      0.57355            0
198      0.58543      0.81334     -0.22235
199      0.79982      0.49925     -0.71692
200      0.22399          0.2            0
201      0.36093          0.2     -0.28444
202       1.1739            1           -1
203     -0.57143           -1            2
204      0.47422          0.2     -0.60815
205      0.89436      0.57723           -1
206      0.22324      0.45726      -0.1702
207     -0.66667           -1          2.5
208      0.70455          0.2           -1
209     -0.57143            0            2
210     -0.66566     -0.72887       2.1504
211      -0.6646     -0.31258       2.2571
212      0.46521            1     -0.40915
213     0.084806          0.2     -0.22615
214     -0.03612          0.2            0
215     -0.66667            0          2.5
216      0.21739            1            0
217     0.057056      0.57943            0
218      0.34002      0.50395     -0.53589
219       0.4475      0.87433     -0.65043
220    -0.036948      0.43452     -0.16083
221     -0.84226     -0.51564            2
222      0.69565            1           -1
223     -0.89976     -0.59279          2.5
224     -0.19271      0.50305            0
225     -0.28294          0.2            0
226     0.034754          0.2        -0.59
227     -0.15953          0.2     -0.25633
228      0.42946      0.62298           -1
229      0.22727          0.2           -1
230      -1.0357           -1            2
231     -0.11519      0.69362     -0.30294
232       -1.068     -0.24671       2.2568
233   -0.0061105            1       -0.415
234      -1.0357            0            2
235      -1.1389           -1          2.5
236     -0.26087            1            0
237     -0.43708      0.55373            0
238     -0.52597          0.2            0
239     -0.42639          0.2     -0.22881
240     -0.29799      0.46778     -0.35783
241      -1.1389            0          2.5
242       -1.227     -0.63636       2.1904
243      0.21739            1           -1
244     -0.12781      0.69189     -0.66369
245     -0.52843      0.40583     -0.14553
246    -0.037894      0.58597           -1
247     -0.63292          0.2     -0.20777
248      -1.3696     -0.59072          2.5
249     -0.68482      0.50278            0
250     -0.51303          0.2     -0.52982
251     -0.78216          0.2            0
252        -0.25          0.2           -1
253     -0.60327      0.74589     -0.27781
254     -0.42874      0.51446     -0.75254
255         -1.5           -1            2
256         -1.5         -0.5            2
257         -1.5           -1          1.6
258     -0.69185       0.4574     -0.43122
259     -0.73913            1            0
260         -1.5         -0.5          1.6
261         -1.5            0            2
262      -1.6111           -1          2.5
263         -0.5            1     -0.59383
264     -0.26087            1           -1
265     -0.93978      0.56015            0
266         -1.5            0          1.6
267     -0.91707          0.2     -0.28022
268       -1.052          0.2            0
269      -1.6111            0          2.5
270     -0.50805      0.59555           -1
271      -1.7242     -0.57963       2.1431
272      -1.0421      0.45349     -0.18698
273     -0.72727          0.2           -1
274      -1.2046      0.50604            0
275     -0.99916          0.2     -0.59949
276      -1.1571          0.2     -0.28071
277      -1.8527     -0.40928          2.5
278      -1.3359          0.2            0
279      -1.0842        0.815     -0.26935
280      -1.8695            0       2.1239
281      -1.2174            1            0
282     -0.73913            1           -1
283      -1.9416      -0.2476       1.8084
284      -1.9688           -1          1.6
285     -0.98695            1     -0.59085
286      -1.9543            0          1.6
287      -2.0833           -1          2.5
288      -2.0777     -0.73118       2.3341
289      -2.0533     -0.34957       2.2121
290     -0.97367      0.60883           -1
291      -2.0809     -0.64484       1.9181
292      -1.2167      0.50875     -0.62157
293      -1.4781      0.57007            0
294      -2.0833            0          2.5
295      -2.1125     -0.48246          1.6
296      -1.6344          0.2            0
297      -2.1897           -1        1.996
298      -1.2045          0.2           -1
299      -1.4759          0.2     -0.50619
300      -1.5283      0.51474     -0.36877
301      -2.2071            0       2.0123
302      -2.3225     -0.40721          2.5
303      -2.0734           -1      0.46353
304      -2.0411      -0.7494       0.3489
305      -2.0185           -1      0.23465
306      -1.7761      0.51167            0
307      -2.1286     -0.68783      0.60759
308      -2.1635           -1      0.68099
309      -2.1008     -0.34325       0.5405
310      -2.0411      -0.2506       0.3489
311      -1.2174            1           -1
312      -2.3783     -0.33908       2.1195
313      -1.6957            1            0
314      -2.2208     -0.76462      0.78329
315      -2.0734   6.2118e-17      0.46353
316      -1.6259      0.82176     -0.32807
317           -2           -1            0
318      -1.4565            1     -0.59383
319           -2     -0.75797            0
320      -2.0185   1.1297e-17      0.23465
321      -2.2201     -0.37167      0.78215
322           -2     -0.50039            0
323      -1.7911          0.2     -0.32553
324      -2.3357            0          1.6
325      -2.1635    1.104e-16      0.68099
326      -2.2865           -1      0.88168
327      -2.4479     -0.68496       2.1075
328           -2      -0.2423            0
329      -1.9478          0.2            0
330      -2.4375           -1          1.6
331           -2            0            0
332      -1.4432      0.60617           -1
333       -2.359     -0.60464      0.97372
334      -2.2865   1.5497e-16      0.88168
335      -2.3593     -0.23246      0.97404
336      -2.5556           -1          2.5
337      -2.4789     -0.39473          1.6
338         -2.5            0         2.25
339      -2.4393           -1       1.0607
340         -2.5            0            2
341      -1.5795      0.86742     -0.81946
342       -1.677       0.6684     -0.76372
343         -2.5         0.25            2
344      -2.5556            0          2.5
345      -1.6818          0.2           -1
346      -2.4393   1.9471e-16       1.0607
347      -2.3108           -1      0.25661
348         -2.5         0.25       1.6346
349         -2.5          0.5         2.25
350      -2.4965     -0.30667       1.1149
351      -2.2364           -1            0
352      -2.5456     -0.67044       1.1572
353      -2.2982   3.4317e-17      0.35851
354      -2.6567           -1       2.0062
355         -2.5          0.5       1.8714
356      -2.4316           -1      0.57442
357      -1.9242          0.2     -0.60029
358      -2.6588     -0.47243       1.9909
359         -2.5         0.25       1.3137
360      -2.4156     -0.47179      0.51171
361      -2.0792          0.2     -0.28452
362         -2.5          0.5       1.5175
363      -2.2912     -0.70779            0
364         -2.5            0            1
365      -2.1244      0.58827            0
366      -2.2376            0            0
367      -2.6183           -1       1.2135
368      -2.5219     -0.79394      0.71379
369      -2.0294      0.49588     -0.37838
370         -2.5         0.25            1
371         -2.5          0.5       1.1866
372         -2.5            0         0.75
373      -2.7119     -0.14536       2.1673
374      -2.5489     -0.40295      0.73866
375       -2.659            0          1.6
376       -1.998      0.86276     -0.34957
377      -2.3438     -0.33819            0
378      -2.2767          0.2            0
379      -2.6183   2.2865e-16       1.2135
380      -2.6276           -1      0.90293
381         -2.5         0.25         0.75
382      -2.6788     -0.34669       1.2553
383      -2.7743     -0.82329       1.7733
384      -1.6957            1           -1
385         -2.5          0.5      0.87302
386      -2.6289    -0.090711       1.0317
387       -2.472      -0.7275      0.17456
388      -2.7421     -0.68821       1.2944
389      -1.9261            1     -0.59085
390      -2.8379     -0.80263       2.1961
391        -2.75        0.125            2
392      -2.8315     -0.48453          2.5
393      -2.1739            1            0
394         -2.5         0.25      0.48345
395      -2.7623         0.25       2.1417
396         -2.5          0.5      0.57024
397      -2.4883           -1            0
398       -2.819           -1       1.3365
399      -1.9127      0.60883           -1
400      -2.8468     -0.50105          1.6
401      -2.8759           -1          1.6
402         -2.5         0.25      0.24071
403      -2.6169           -1      0.26708
404      -2.0183      0.88273     -0.73609
405        -2.75            0            1
406      -2.6503     -0.48206      0.37301
407      -2.4879            0            0
408      -2.6068   3.4317e-17       0.3804
409         -2.5          0.5      0.27902
410       -2.819   2.5596e-16       1.3365
411      -2.8568     -0.75677       1.0598
412        -2.75         0.25            1
413      -2.8855     -0.35343       1.3684
414      -2.1456      0.48814     -0.77754
415         -2.5         0.25            0
416        -2.75            0         0.75
417      -2.9268     -0.75869       1.3862
418      -3.0278           -1          2.5
419       -2.358          0.2     -0.48548
420        -2.75         0.25         0.75
421         -2.5          0.5            0
422      -2.1591          0.2           -1
423      -2.6557     -0.65261            0
424      -2.8227       0.1726      0.93327
425           -3            0         2.25
426      -2.9614            0          1.6
427           -3            0            2
428      -3.0278            0          2.5
429      -2.5033      0.71557            0
430      -2.9619     -0.47201        1.092
431      -3.0753     -0.55895       1.9337
432      -3.0365           -1       1.4266
433      -2.6213          0.2            0
434           -3         0.25            2
435       -2.875      -0.2462      0.66346
436      -3.0766     -0.24956       2.0757
437      -3.0213           -1       1.1557
438      -2.7521         0.25      0.36208
439      -2.7454           -1            0
440      -2.8108     -0.80191      0.21608
441      -2.2779      0.85703     -0.63924
442           -3         0.25       1.6343
443           -3          0.5         2.25
444      -2.7213     -0.27105            0
445      -3.1313           -1       1.9435
446           -3          0.5       1.8688
447      -3.0365   2.7596e-16       1.4266
448      -2.8217     -0.17156      0.26979
449      -2.6412      0.37145    -0.071115
450           -3         0.25       1.3141
451       -2.875   3.4317e-17      0.49037
452       -2.744            0            0
453           -3          0.5       1.5154
454           -3            0            1
455      -2.9684           -1      0.53157
456      -3.0534     -0.68012      0.92539
457      -2.6936      0.28488    -0.074513
458      -2.5844      0.57186     -0.23633
459      -2.4217            1     -0.40915
460      -3.1511      -0.7494       1.4589
461      -2.1739            1           -1
462           -3         0.25            1
463        -2.75         0.25            0
464           -3          0.5       1.1869
465           -3            0         0.75
466      -3.1511      -0.2506       1.4589
467       -3.197     -0.68846          1.6
468      -3.2533     -0.73841       2.2726
469      -3.1149     -0.19507       1.1451
470      -2.6789      0.38787     -0.25613
471      -3.2274           -1          1.6
472        -2.75          0.5            0
473      -2.4414      0.79127     -0.66409
474           -3         0.25         0.75
475      -3.2079     -0.32203          1.6
476      -3.0603     -0.57838      0.62776
477      -2.6522            1            0
478           -3          0.5      0.87551
479      -3.1026      -0.2799      0.84201
480      -3.2298            0       1.9772
481      -2.3811      0.57885           -1
482      -3.2653           -1       1.4815
483           -3         0.25      0.48345
484      -3.2419            0          1.6
485           -3          0.5      0.57343
486       -3.067           -1         0.25
487      -2.8072      0.74311            0
488           -3           -1            0
489      -3.2808     -0.50525       1.2964
490           -3     -0.75416            0
491      -3.2653   2.8816e-16       1.4815
492      -3.0815     -0.69743      0.27366
493           -3     -0.49705            0
494      -2.8607      0.27411     -0.16612
495      -3.3042     -0.83286       1.2426
496           -3         0.25      0.24071
497           -3     -0.24364            0
498      -3.1098      -0.3299      0.31264
499       -3.067    8.872e-17         0.25
500           -3          0.5       0.2814
501           -3            0            0
502       -3.384     -0.73624       1.4955
503      -2.8136          0.2     -0.47952
504       -2.982          0.2            0
505       -2.706      0.60772     -0.59428
506      -2.8524      0.58104     -0.24135
507           -3         0.25            0
508       -3.384     -0.26376       1.4955
509      -2.6364          0.2           -1
510      -3.3054           -1      0.72614
511         -3.5           -1          2.5
512        -3.25           -1      0.43301
513         -3.5           -1       2.1069
514         -3.5         -0.5          2.5
515           -3          0.5            0
516         -3.5           -1       1.8477
517         -3.5     -0.67839       1.9292
518      -3.3077   3.4317e-17      0.77604
519         -3.5     -0.32018       1.9306
520         -3.5           -1          1.6
521         -3.5     -0.75797          1.6
522      -3.4019   3.4317e-17       1.2471
523         -3.5           -1          1.5
524         -3.5            0          2.5
525         -3.5     -0.50039          1.6
526        -3.25   1.2936e-16      0.43301
527         -3.5            0       2.1073
528         -3.5      -0.2423          1.6
529         -3.5            0       1.8471
530      -3.4823           -1       1.1836
531         -3.5            0          1.6
532      -3.3657     -0.60349      0.48163
533         -3.5   2.9226e-16          1.5
534      -2.8913            1     -0.40617
535      -3.3751     -0.27821      0.48414
536      -3.4941     -0.77211      0.89336
537      -2.6522            1           -1
538       -3.616     -0.73625       1.4955
539       -3.616     -0.26375       1.4955
540      -3.1054      0.78166     -0.15603
541         -3.5     -0.20006      0.74542
542         -3.5           -1          0.5
543      -3.1304            1            0
544      -3.1649          0.2     -0.37714
545      -3.6336     -0.21786       1.2507
546      -3.6958     -0.83286       1.2426
547         -3.5   1.4423e-16          0.5
548      -3.7347           -1       1.4815
549      -3.3591          0.2            0
550      -2.9262      0.58139           -1
551      -2.9361      0.89877      -0.8309
552      -3.7192     -0.50525       1.2964
553      -3.1375      0.66469     -0.53586
554      -3.7347   2.8816e-16       1.4815
555      -3.6946           -1      0.72614
556      -3.6249     -0.27821      0.48414
557      -3.8489      -0.7494       1.4589
558      -3.1136          0.2           -1
559      -3.6837     -0.66002      0.46503
560      -3.6946   3.4317e-17      0.72614
561      -3.8489      -0.2506       1.4589
562      -3.8549           -1       1.2141
563        -3.75           -1      0.43301
564      -3.3206      0.40352     -0.62393
565      -3.8575   3.4317e-17       1.1973
566      -3.8336     -0.36392      0.82164
567      -3.8731     -0.72728      0.87097
568      -3.9635           -1       1.4266
569        -3.75   1.2936e-16      0.43301
570      -3.4669      0.60558     -0.27994
571       -3.556      0.60617            0
572      -3.1304            1           -1
573      -3.3609            1     -0.40915
574      -3.9635   2.7596e-16       1.4266
575       -3.556          0.2     -0.40617
576      -4.0357     -0.33666       1.4011
577      -4.0105     -0.45586       1.1012
578      -3.7529          0.2            0
579      -4.1084     -0.67193       1.3711
580      -3.6087            1            0
581      -3.8957     -0.34426      0.30568
582      -3.9162     -0.72279      0.27711
583       -3.933           -1         0.25
584      -4.0991           -1      0.97237
585      -3.3899      0.62518           -1
586      -4.0361      -0.5839      0.60469
587      -4.0316           -1      0.53157
588       -4.181           -1       1.3365
589       -3.933    8.872e-17         0.25
590      -3.5313      0.72212       -0.686
591      -4.0316   3.4317e-17      0.53157
592       -4.181   2.5596e-16       1.3365
593      -3.7557      0.54957     -0.27078
594           -4           -1            0
595           -4     -0.75636            0
596      -4.1697   3.4317e-17      0.96603
597      -3.5909          0.2           -1
598           -4     -0.50295            0
599      -4.2539     -0.34803       1.2968
600      -4.2491     -0.82279       1.0165
601           -4     -0.24584            0
602           -4            0            0
603      -4.3157     -0.69283       1.2588
604      -3.7566      0.44277     -0.68701
605      -3.9582      0.60617            0
606      -4.3817           -1       1.2135
607      -3.9582          0.2     -0.40617
608      -3.6087            1           -1
609      -3.8322            1       -0.415
610      -4.2498     -0.51409      0.29611
611      -4.3817   2.2865e-16       1.2135
612      -4.3541     -0.20503      0.85833
613       -4.474     -0.76754       1.1407
614      -4.1635          0.2            0
615      -4.2536           -1            0
616      -4.4737     -0.39536        1.141
617      -4.4512           -1      0.81241
618      -4.2906     -0.72344            0
619       -4.087            1            0
620      -4.2546            0            0
621      -4.3825           -1      0.26774
622       -3.859      0.59103           -1
623      -4.5607           -1       1.0607
624      -4.4901     -0.52763      0.67567
625      -4.3405     -0.34385            0
626      -4.3831   3.4317e-17      0.26708
627      -4.4834   3.4317e-17      0.67974
628      -4.5607   1.9471e-16       1.0607
629      -4.1149      0.58461     -0.50202
630       -4.641     -0.62791      0.97376
631      -4.6407     -0.23246      0.97404
632      -4.0682          0.2           -1
633      -4.5114           -1            0
634      -4.3773      0.60617            0
635      -4.6007     -0.22212      0.48489
636      -4.7135           -1      0.88168
637      -4.6557           -1      0.47871
638      -4.6458     -0.63614      0.41436
639      -4.5117            0            0
640      -4.3773          0.2     -0.40617
641      -4.7135   1.5497e-16      0.88168
642      -4.7588     -0.31105      0.81569
643       -4.087            1           -1
644      -4.7967     -0.65649      0.75395
645      -4.6935   3.4317e-17      0.35124
646      -4.5911          0.2            0
647      -4.6604     -0.65937            0
648      -4.8365           -1      0.68099
649      -4.3417            1       -0.585
650      -4.8365    1.104e-16      0.68099
651       -4.716     -0.29103            0
652      -4.8711     -0.32947      0.60839
653      -4.8862     -0.75869      0.57317
654      -4.7642           -1            0
655      -4.5652            1            0
656      -4.3271       0.6008           -1
657      -4.5426      0.36757     -0.50433
658      -4.7636            0            0
659      -4.9266           -1      0.46353
660      -4.5853      0.73744     -0.34957
661      -4.9266   6.2118e-17      0.46353
662      -4.9589      -0.7494       0.3489
663      -4.5614      0.73655     -0.65043
664      -4.9589      -0.2506       0.3489
665      -4.9815           -1      0.23465
666      -4.5455          0.2           -1
667      -4.8135      0.60617            0
668      -4.9815   1.1298e-17      0.23465
669      -4.8135          0.2     -0.40617
670           -5           -1            0
671           -5      -0.7577            0
672           -5     -0.49961            0
673           -5     -0.24203            0
674           -5            0            0
675      -4.5652            1           -1
676      -5.0358          0.2            0
677       -4.813            1     -0.59085
678      -4.9078      0.58591     -0.54983
679      -4.9734       0.8484     -0.22315
680      -4.7918      0.60883           -1
681      -5.0435            1            0
682      -5.0227          0.2           -1
683      -5.2809       0.5981            0
684      -5.2722       0.3327     -0.34957
685      -5.1696      0.33983     -0.72009
686         -5.5           -1            0
687         -5.5         -0.6            0
688      -5.0435            1           -1
689         -5.5         -0.2            0
690         -5.5          0.2            0
691         -5.5           -1         -0.5
692      -5.3732      0.65453      -0.4945
693         -5.5         -0.4         -0.5
694      -5.3239            1     -0.51514
695      -5.2614      0.60617           -1
696         -5.5          0.2         -0.5
697      -5.5217            1            0
698      -5.6145      0.68109     -0.10446
699         -5.5           -1           -1
700         -5.5         -0.6           -1
701         -5.5         -0.2           -1
702      -5.6826   -0.0062718     -0.33879
703         -5.5          0.2           -1
704      -5.7674      0.32991     -0.15003
705       -5.556      0.45957     -0.84538
706      -5.6551      0.88326     -0.29837
707       -5.861     -0.36856     -0.21301
708      -5.8558     -0.69418     -0.45839
709      -5.7851     -0.10054     -0.60956
710      -5.5217            1           -1
711           -6           -1            0
712           -6         -0.5            0
713      -5.6699      0.85904     -0.73598
714      -5.7941      0.52522     -0.49627
715           -6  -1.1102e-16            0
716           -6          0.5            0
717           -6           -1         -0.5
718      -5.8604      0.21281     -0.78179
719           -6     -0.29652       -0.514
720           -6            1            0
721           -6      0.28391     -0.50233
722           -6           -1           -1
723           -6         -0.5           -1
724           -6            1         -0.5
725           -6  -1.1102e-16           -1
726           -6          0.5           -1
727           -6            1           -1
EndCoordinates

Elements
1 415 433 463 457
2 433 463 457 504
3 504 507 463 457
4 415 433 457 419
5 463 415 457 449
6 457 463 449 472
7 463 449 472 415
8 449 457 472 470
9 504 507 457 494
10 504 507 494 503
11 364 372 346 335
12 346 364 335 350
13 364 346 405 386
14 457 463 472 507
15 415 457 449 470
16 364 346 386 350
17 405 364 386 416
18 239 247 238 245
19 239 247 245 250
20 415 378 433 419
21 386 405 416 454
22 449 472 415 421
23 449 472 421 470
24 415 449 421 470
25 247 238 245 251
26 386 405 454 410
27 457 504 494 433
28 494 457 433 419
29 238 239 245 225
30 623 613 606 617
31 334 335 346 372
32 628 631 641 627
33 326 314 308 356
34 507 457 494 472
35 568 548 562 557
36 432 417 398 437
37 659 653 648 637
38 533 522 491 508
39 636 623 617 630
40 432 460 417 437
41 659 662 653 637
42 200 213 214 217
43 214 213 227 220
44 613 603 606 600
45 613 603 600 616
46 447 466 491 522
47 320 310 315 353
48 665 662 659 637
49 482 460 432 437
50 661 664 668 645
51 554 561 574 565
52 303 304 305 347
53 670 665 654 671
54 367 339 380 352
55 305 317 351 319
56 674 658 668 673
57 504 549 507 544
58 472 429 421 458
59 429 421 458 365
60 320 366 331 328
61 631 642 641 627
62 483 438 496 500
63 346 405 386 379
64 405 386 379 410
65 314 307 308 356
66 213 227 220 226
67 557 538 548 546
68 557 538 546 552
69 482 502 460 495
70 502 460 495 489
71 402 438 394 409
72 554 539 561 545
73 539 561 545 552
74 466 508 491 522
75 538 502 523 546
76 421 472 458 470
77 434 427 391 425
78 340 343 391 338
79 462 474 478 412
80 370 385 381 420
81 515 487 472 506
82 364 335 350 386
83 398 417 388 437
84 214 213 220 217
85 533 539 554 522
86 548 538 523 546
87 523 502 482 495
88 214 227 225 224
89 487 472 506 458
90 472 515 506 470
91 606 613 600 617
92 457 494 472 470
93 457 494 470 419
94 588 568 562 579
95 339 326 380 333
96 225 227 239 224
97 465 451 416 435
98 416 465 435 454
99 334 372 325 321
100 351 397 347 363
101 386 346 379 350
102 325 353 315 309
103 521 516 520 471
104 574 561 576 565
105 427 425 480 436
106 480 427 436 426
107 427 425 436 373
108 496 507 515 472
109 415 463 402 472
110 402 421 415 472
111 496 463 507 472
112 474 483 485 420
113 381 396 394 420
114 472 506 458 470
115 506 458 470 505
116 592 565 574 576
117 186 191 201 196
118 191 201 196 204
119 245 238 225 237
120 245 238 237 249
121 237 245 249 253
122 245 238 249 251
123 548 557 546 562
124 546 548 562 530
125 561 554 545 565
126 554 545 565 522
127 460 482 495 437
128 648 653 644 637
129 594 595 615 583
130 397 439 403 423
131 620 626 639 625
132 227 214 220 224
133 267 276 268 272
134 267 276 272 275
135 315 310 309 353
136 615 633 621 618
137 245 247 251 267
138 415 421 378 419
139 501 497 452 499
140 370 364 412 420
141 370 381 364 420
142 416 372 420 364
143 416 372 364 386
144 416 465 454 420
145 474 465 420 454
146 462 474 412 424
147 412 462 424 405
148 424 412 405 416
149 405 424 416 454
150 405 424 454 462
151 424 454 462 474
152 424 412 416 420
153 424 412 420 474
154 416 424 420 454
155 412 405 416 364
156 412 416 420 364
157 661 645 650 652
158 412 420 474 478
159 372 364 381 420
160 507 515 472 494
161 412 370 420 385
162 490 488 439 486
163 601 602 620 589
164 569 591 589 581
165 486 512 455 492
166 512 542 510 532
167 563 583 587 582
168 542 563 555 559
169 547 560 569 556
170 415 457 470 419
171 335 350 386 333
172 214 220 224 217
173 220 224 217 231
174 527 529 480 519
175 535 547 556 541
176 556 535 541 532
177 557 546 562 579
178 200 201 213 206
179 334 335 372 321
180 239 245 225 224
181 562 568 557 579
182 213 200 206 217
183 526 547 535 518
184 364 372 335 386
185 545 561 565 576
186 451 416 435 408
187 465 451 435 526
188 557 538 552 561
189 502 460 489 508
190 396 409 394 438
191 409 421 402 472
192 485 483 500 438
193 347 305 351 363
194 500 496 515 472
195 472 487 429 458
196 562 546 530 555
197 407 452 444 408
198 507 504 544 503
199 478 474 485 420
200 385 396 381 420
201 438 496 500 472
202 251 267 268 272
203 497 493 444 498
204 201 213 206 226
205 523 548 546 530
206 482 523 495 530
207 650 627 641 642
208 186 191 196 176
209 386 379 410 382
210 603 606 600 588
211 490 493 492 423
212 402 438 409 472
213 673 672 651 664
214 515 487 506 540
215 308 303 356 307
216 458 421 470 419
217 661 664 645 652
218 639 658 651 645
219 462 478 464 412
220 606 600 588 584
221 494 472 470 515
222 606 600 584 617
223 398 388 367 437
224 427 391 425 373
225 391 340 338 373
226 340 338 373 312
227 186 201 200 196
228 497 444 452 448
229 307 304 303 347
230 444 452 448 408
231 370 371 385 412
232 359 371 370 412
233 450 462 464 412
234 379 386 350 382
235 386 350 382 352
236 598 595 582 618
237 391 340 373 427
238 276 268 272 278
239 249 245 251 272
240 319 322 363 304
241 220 227 224 231
242 648 636 637 644
243 495 482 530 437
244 397 403 347 387
245 497 444 448 498
246 416 372 386 435
247 442 450 453 362
248 603 579 588 600
249 348 362 359 442
250 338 340 301 312
251 651 658 673 664
252 547 556 541 560
253 541 547 560 518
254 535 547 541 518
255 595 618 615 621
256 642 652 650 635
257 642 652 635 644
258 630 613 623 617
259 583 582 595 621
260 487 477 429 458
261 367 388 352 411
262 388 352 411 382
263 506 487 458 534
264 603 579 600 599
265 450 464 453 371
266 363 351 319 305
267 460 495 489 411
268 611 596 592 599
269 523 495 530 546
270 495 530 546 536
271 359 362 371 450
272 523 502 495 546
273 495 502 489 546
274 200 201 206 196
275 201 206 196 218
276 420 424 474 454
277 454 518 465 479
278 465 454 479 435
279 479 465 435 526
280 320 310 353 366
281 397 403 387 423
282 499 451 526 498
283 323 357 361 369
284 560 541 518 522
285 304 305 347 363
286 576 579 599 577
287 599 576 577 592
288 436 427 373 375
289 213 220 217 206
290 220 217 206 231
291 213 220 206 226
292 237 224 225 245
293 237 224 245 253
294 492 486 490 440
295 664 668 645 658
296 485 483 438 420
297 601 598 581 625
298 556 541 560 566
299 403 347 387 356
300 394 396 438 420
301 361 323 369 306
302 382 388 413 430
303 413 382 430 386
304 516 517 513 445
305 490 492 440 423
306 278 274 268 272
307 274 268 272 265
308 272 274 265 281
309 268 272 265 251
310 616 631 628 612
311 631 628 612 627
312 616 631 612 630
313 333 314 326 368
314 314 326 368 356
315 368 314 356 307
316 368 314 307 321
317 333 314 368 321
318 326 368 356 380
319 368 356 380 455
320 600 584 617 587
321 347 397 387 363
322 397 387 363 423
323 387 363 423 377
324 628 596 611 616
325 413 466 447 469
326 466 447 469 522
327 304 319 305 363
328 665 671 662 654
329 664 673 668 658
330 320 328 310 366
331 323 361 329 306
332 507 515 494 503
333 487 506 540 534
334 506 515 540 544
335 387 347 363 304
336 186 183 176 196
337 186 183 196 197
338 183 196 197 198
339 196 186 197 200
340 583 587 582 621
341 366 407 377 353
342 251 265 249 272
343 265 249 272 253
344 442 453 446 362
345 518 465 479 526
346 504 494 433 503
347 348 355 362 442
348 323 357 369 299
349 492 486 440 455
350 413 466 469 489
351 386 416 435 454
352 630 616 613 600
353 613 630 600 617
354 333 335 321 374
355 335 321 374 372
356 382 413 410 386
357 425 480 436 527
358 206 200 196 197
359 196 206 197 198
360 654 633 647 637
361 631 630 642 612
362 642 631 612 627
363 600 588 584 562
364 599 603 616 600
365 560 569 556 591
366 206 200 197 217
367 197 206 217 216
368 410 413 447 469
369 245 249 253 272
370 438 463 496 472
371 555 563 587 559
372 455 512 510 532
373 510 542 555 536
374 672 671 647 662
375 515 487 540 543
376 541 535 518 479
377 467 521 471 517
378 329 361 378 365
379 402 463 438 472
380 447 410 469 454
381 348 343 355 434
382 442 446 434 355
383 245 247 267 250
384 245 239 250 240
385 245 239 240 224
386 322 328 377 310
387 515 506 470 503
388 506 470 503 505
389 309 307 321 360
390 321 309 360 325
391 326 368 380 333
392 416 372 435 408
393 352 350 333 386
394 460 417 437 411
395 662 653 637 638
396 662 653 638 664
397 644 642 630 624
398 630 644 624 617
399 417 413 388 430
400 412 420 478 385
401 163 161 149 166
402 425 436 373 392
403 652 650 635 645
404 448 497 498 499
405 498 448 499 451
406 448 499 451 452
407 448 497 499 452
408 417 388 437 411
409 417 388 411 430
410 458 470 505 419
411 183 174 176 185
412 434 446 443 355
413 278 274 272 293
414 251 267 272 245
415 338 391 373 425
416 517 516 521 471
417 183 174 185 198
418 554 539 545 522
419 529 531 484 528
420 539 561 552 538
421 545 561 576 552
422 528 525 475 519
423 561 576 552 557
424 508 533 522 539
425 528 529 519 475
426 224 217 231 236
427 650 642 635 627
428 310 309 353 360
429 522 508 539 545
430 367 388 411 437
431 525 521 467 517
432 538 502 546 552
433 508 539 545 552
434 546 557 552 579
435 635 650 627 645
436 627 635 645 626
437 528 475 484 529
438 538 502 552 508
439 249 237 253 259
440 498 526 535 479
441 391 434 425 343
442 343 391 338 425
443 426 484 475 480
444 352 367 411 380
445 367 411 380 437
446 382 430 386 411
447 329 306 296 323
448 466 508 522 489
449 466 508 489 460
450 582 563 559 587
451 642 635 627 612
452 635 627 612 591
453 239 250 240 227
454 240 239 227 224
455 343 349 355 434
456 626 645 639 651
457 508 539 552 538
458 487 540 543 534
459 653 652 644 638
460 644 653 638 637
461 274 272 293 281
462 495 530 536 510
463 183 196 198 185
464 183 196 185 176
465 440 490 423 439
466 423 440 439 403
467 440 439 403 486
468 423 440 403 387
469 440 403 387 368
470 423 440 387 406
471 440 490 439 486
472 411 352 380 333
473 421 415 470 419
474 310 309 360 304
475 576 579 577 552
476 321 333 374 368
477 339 380 352 333
478 303 347 356 307
479 452 448 408 451
480 448 408 451 435
481 451 448 435 498
482 506 458 505 534
483 486 440 455 403
484 495 460 437 411
485 466 469 489 522
486 206 196 218 198
487 388 411 430 382
488 545 565 522 560
489 480 529 484 475
490 569 581 556 591
491 557 552 579 576
492 357 361 369 419
493 174 161 163 166
494 636 644 630 617
495 387 423 406 377
496 470 494 515 503
497 470 494 503 419
498 628 612 627 596
499 612 627 596 591
500 227 240 224 231
501 197 183 198 192
502 581 589 601 626
503 633 621 618 647
504 654 647 671 662
505 296 306 293 323
506 469 447 454 522
507 518 541 479 522
508 595 582 618 621
509 366 377 328 310
510 577 576 552 545
511 529 480 519 475
512 579 599 577 600
513 628 612 596 616
514 530 495 437 510
515 410 469 454 386
516 469 454 386 479
517 469 454 479 522
518 530 546 536 555
519 191 196 176 185
520 191 196 185 204
521 176 191 185 181
522 191 185 181 204
523 584 600 562 567
524 584 600 567 587
525 532 498 535 479
526 413 466 489 417
527 272 276 278 299
528 541 560 566 545
529 411 352 333 386
530 620 625 601 626
531 635 645 626 651
532 500 485 438 396
533 454 479 435 386
534 309 307 360 304
535 475 525 467 517
536 611 599 616 596
537 535 526 518 479
538 644 642 624 635
539 642 624 635 612
540 340 301 312 324
541 396 409 438 500
542 662 665 654 637
543 636 617 637 644
544 494 433 503 419
545 387 363 377 304
546 161 146 149 152
547 454 518 479 522
548 485 478 420 385
549 385 396 420 485
550 440 455 403 368
551 555 510 536 530
552 196 201 218 204
553 201 218 204 226
554 565 545 576 577
555 507 549 515 544
556 372 335 386 374
557 470 503 505 419
558 359 371 412 450
559 464 450 412 371
560 448 444 408 406
561 448 444 406 498
562 408 448 406 435
563 406 448 498 435
564 333 335 374 386
565 591 589 581 626
566 556 541 566 532
567 478 464 412 371
568 480 527 519 436
569 371 385 412 478
570 250 240 227 226
571 240 227 226 231
572 492 493 498 406
573 373 340 312 337
574 307 321 360 368
575 510 542 536 532
576 512 455 492 532
577 642 630 624 612
578 635 652 645 664
579 635 652 664 638
580 201 206 218 226
581 296 293 278 299
582 582 559 581 586
583 582 559 586 587
584 627 635 626 591
585 176 174 163 185
586 542 555 536 559
587 411 380 437 455
588 651 672 647 638
589 131 152 149 146
590 477 429 458 459
591 581 598 582 610
592 445 471 516 517
593 624 635 612 610
594 338 373 312 344
595 338 373 344 425
596 377 407 444 408
597 525 519 517 475
598 658 651 645 664
599 423 440 406 492
600 363 322 377 304
601 596 565 592 577
602 471 401 467 445
603 272 267 275 258
604 272 267 258 245
605 353 408 407 377
606 265 249 253 259
607 595 615 583 621
608 522 508 545 489
609 440 387 406 368
610 333 374 368 411
611 626 639 625 651
612 620 601 589 626
613 479 435 386 430
614 479 435 430 476
615 479 435 476 498
616 579 588 600 562
617 410 413 469 386
618 356 368 307 387
619 637 662 638 647
620 618 598 625 610
621 625 618 610 647
622 598 625 610 581
623 618 598 610 582
624 444 493 423 406
625 489 502 508 552
626 440 492 455 476
627 540 515 543 571
628 535 541 532 479
629 559 532 556 566
630 423 444 406 377
631 240 245 224 253
632 146 128 131 152
633 206 220 231 226
634 645 635 664 651
635 556 581 559 566
636 559 542 532 536
637 372 353 325 360
638 408 353 372 360
639 276 272 275 299
640 540 543 534 573
641 546 562 579 567
642 546 562 567 555
643 467 471 445 517
644 267 275 258 250
645 329 365 306 361
646 149 152 166 161
647 217 206 231 216
648 621 633 637 647
649 368 380 333 411
650 368 380 411 455
651 579 577 552 567
652 340 373 427 375
653 307 360 304 387
654 498 532 492 476
655 552 577 545 566
656 489 466 460 417
657 460 489 417 411
658 562 584 567 555
659 430 413 386 469
660 430 413 469 489
661 386 430 469 479
662 430 469 479 489
663 347 387 356 307
664 131 128 113 142
665 301 338 312 294
666 430 479 476 489
667 532 492 476 455
668 185 176 181 163
669 592 565 576 577
670 183 174 198 192
671 206 197 198 216
672 240 224 231 253
673 196 198 185 218
674 540 543 573 571
675 487 477 458 534
676 325 353 309 360
677 227 220 226 231
678 307 304 347 387
679 581 582 586 610
680 582 586 610 587
681 421 458 365 419
682 652 644 638 635
683 387 403 356 368
684 403 356 368 455
685 475 467 400 436
686 267 258 245 250
687 258 245 250 240
688 258 245 240 253
689 258 245 253 272
690 250 258 240 254
691 250 258 254 273
692 444 493 406 498
693 386 372 374 435
694 374 386 435 411
695 653 652 638 664
696 435 451 498 526
697 515 507 544 503
698 421 365 378 419
699 324 375 337 340
700 565 545 577 566
701 500 438 472 409
702 237 224 253 236
703 312 338 344 294
704 506 540 534 553
705 506 540 553 544
706 128 115 113 134
707 128 115 134 133
708 361 419 378 365
709 417 413 430 489
710 560 556 566 591
711 586 581 610 591
712 519 480 436 475
713 612 596 616 577
714 360 307 368 387
715 487 543 477 534
716 438 485 420 396
717 310 353 366 377
718 584 567 555 587
719 502 546 552 489
720 444 406 377 408
721 372 325 321 360
722 625 651 647 638
723 546 495 536 489
724 361 369 419 365
725 638 644 637 624
726 638 644 624 635
727 624 638 635 610
728 624 638 610 621
729 411 417 430 489
730 458 429 365 459
731 321 374 372 360
732 321 374 360 368
733 374 360 368 406
734 374 360 406 408
735 552 577 566 567
736 577 566 567 586
737 566 567 586 559
738 567 586 559 587
739 559 581 586 566
740 425 434 443 395
741 425 434 395 343
742 434 443 395 349
743 434 395 343 349
744 395 343 349 338
745 395 343 338 425
746 349 395 338 443
747 113 115 97 134
748 435 386 430 411
749 240 250 254 226
750 567 555 587 559
751 323 369 306 300
752 323 369 300 299
753 300 323 299 293
754 352 411 382 386
755 672 651 664 638
756 374 372 360 408
757 218 204 226 229
758 218 196 204 185
759 545 508 552 489
760 577 579 600 567
761 198 197 192 216
762 185 181 204 199
763 185 181 199 166
764 185 181 166 163
765 596 592 599 577
766 612 616 630 600
767 440 406 492 476
768 493 423 406 492
769 662 638 647 672
770 427 436 426 375
771 552 546 579 567
772 610 618 582 621
773 630 600 617 624
774 131 142 152 128
775 577 566 586 612
776 338 395 425 443
777 567 586 587 600
778 540 534 553 573
779 637 638 624 621
780 637 638 621 647
781 581 601 625 626
782 372 374 435 408
783 344 428 425 392
784 477 393 429 459
785 231 224 236 253
786 469 479 489 522
787 115 100 97 121
788 115 100 121 111
789 567 555 559 536
790 567 555 536 546
791 536 567 546 552
792 567 577 586 600
793 174 163 185 166
794 113 128 134 142
795 134 113 142 124
796 142 134 124 151
797 142 134 151 158
798 142 134 158 128
799 134 124 151 121
800 134 124 121 97
801 124 142 151 156
802 134 151 158 150
803 134 151 150 121
804 151 142 158 171
805 553 540 573 570
806 553 540 570 544
807 158 134 150 128
808 565 545 566 560
809 272 265 253 279
810 272 265 279 281
811 265 279 281 259
812 279 281 259 285
813 429 393 365 459
814 479 435 498 526
815 275 258 250 273
816 596 612 591 566
817 299 323 296 293
818 124 121 97 108
819 124 121 108 132
820 121 108 132 110
821 124 121 132 151
822 121 108 110 100
823 108 124 132 140
824 121 97 108 100
825 132 121 110 148
826 108 132 110 93
827 110 108 93 82
828 556 581 566 591
829 192 198 216 212
830 192 198 212 194
831 198 212 194 199
832 192 198 194 174
833 198 216 212 206
834 437 495 411 510
835 517 513 445 468
836 517 513 468 514
837 513 445 468 418
838 498 532 476 479
839 217 231 236 216
840 97 100 82 108
841 495 536 489 456
842 489 495 456 411
843 495 456 411 510
844 495 536 456 510
845 536 456 510 476
846 456 510 476 455
847 510 476 455 532
848 492 498 476 406
849 476 456 455 411
850 476 456 411 430
851 456 411 430 489
852 476 456 430 489
853 411 476 430 435
854 610 618 621 647
855 630 624 612 600
856 544 575 549 570
857 532 559 536 566
858 540 573 570 571
859 570 540 571 515
860 97 115 121 134
861 115 121 134 137
862 121 134 137 150
863 134 137 150 133
864 137 121 150 148
865 150 137 148 133
866 115 121 137 111
867 134 115 137 133
868 181 204 199 208
869 503 506 505 553
870 506 505 553 534
871 573 553 570 590
872 536 456 476 489
873 536 510 532 476
874 553 570 590 575
875 546 536 552 489
876 573 553 590 572
877 151 158 150 170
878 132 124 151 156
879 265 279 259 253
880 306 313 293 300
881 293 306 300 323
882 377 322 310 304
883 425 428 524 514
884 100 84 82 110
885 361 369 365 306
886 369 365 306 313
887 570 573 590 609
888 369 306 300 313
889 279 259 253 285
890 621 637 617 624
891 625 610 581 626
892 340 373 375 337
893 240 258 253 254
894 360 368 406 387
895 406 360 387 377
896 612 596 577 566
897 115 137 133 111
898 599 616 596 577
899 599 616 577 600
900 360 406 408 377
901 294 301 280 289
902 301 280 289 283
903 301 280 283 286
904 283 301 286 324
905 286 283 324 295
906 286 283 295 260
907 280 289 283 256
908 280 283 286 261
909 289 301 283 312
910 289 301 312 294
911 280 294 289 277
912 294 289 277 302
913 289 277 302 288
914 289 277 288 271
915 289 277 271 256
916 288 289 271 291
917 302 289 288 312
918 302 289 312 294
919 288 289 291 312
920 289 291 312 283
921 289 271 291 256
922 277 288 271 262
923 271 288 291 297
924 288 291 297 327
925 291 297 327 330
926 288 291 327 312
927 291 327 312 337
928 289 291 283 256
929 174 173 161 177
930 161 174 177 166
931 654 647 662 637
932 566 560 591 596
933 578 571 549 575
934 581 586 566 591
935 369 300 299 342
936 300 299 342 292
937 300 299 292 272
938 342 300 292 318
939 369 300 342 389
940 299 342 292 298
941 174 185 198 177
942 174 185 177 166
943 253 258 272 285
944 151 158 170 171
945 82 84 69 93
946 134 113 124 97
947 480 436 475 426
948 297 288 327 336
949 532 476 479 536
950 374 368 411 455
951 575 607 578 593
952 575 607 593 604
953 575 607 604 597
954 593 575 604 570
955 593 575 570 571
956 570 593 571 609
957 604 593 570 590
958 593 570 590 609
959 607 593 604 629
960 604 607 629 632
961 607 593 629 605
962 593 604 629 609
963 604 593 590 609
964 593 629 605 609
965 575 570 571 549
966 570 571 549 515
967 578 605 571 593
968 605 571 593 609
969 571 578 593 575
970 578 605 593 607
971 271 291 256 255
972 256 271 255 248
973 256 271 248 277
974 566 567 559 536
975 566 567 536 552
976 279 272 281 300
977 369 357 419 414
978 369 357 414 342
979 369 357 342 299
980 527 519 436 514
981 570 604 590 575
982 146 153 128 158
983 258 253 254 285
984 570 540 515 544
985 506 515 544 503
986 357 419 414 422
987 414 357 422 399
988 422 414 399 481
989 422 414 481 419
990 414 399 481 461
991 237 253 259 236
992 272 278 293 299
993 69 81 93 88
994 81 93 88 107
995 81 93 107 123
996 93 88 107 110
997 88 81 107 90
998 81 107 90 109
999 93 88 110 84
1000 88 81 90 74
1001 107 88 90 118
1002 88 110 84 94
1003 84 88 94 74
1004 84 88 74 69
1005 84 88 69 93
1006 88 74 69 81
1007 90 88 74 118
1008 107 93 110 123
1009 289 280 277 256
1010 373 344 425 392
1011 110 121 100 111
1012 552 545 489 566
1013 616 612 577 600
1014 414 357 399 342
1015 399 414 342 404
1016 399 414 404 461
1017 342 399 404 384
1018 399 404 384 461
1019 404 384 461 389
1020 404 384 389 341
1021 461 404 389 459
1022 389 404 341 342
1023 404 384 341 342
1024 384 341 342 332
1025 341 342 332 292
1026 384 341 332 311
1027 384 341 311 318
1028 384 341 318 389
1029 341 311 318 292
1030 341 332 311 292
1031 389 404 342 369
1032 342 332 292 298
1033 389 404 369 459
1034 341 318 389 342
1035 341 318 342 292
1036 342 384 332 399
1037 332 342 399 345
1038 332 342 345 298
1039 342 399 345 357
1040 578 607 614 605
1041 498 406 435 476
1042 475 400 426 436
1043 573 570 571 609
1044 634 619 605 629
1045 625 610 626 638
1046 231 236 216 233
1047 231 236 233 263
1048 216 231 233 206
1049 310 353 377 360
1050 644 624 617 637
1051 605 580 571 609
1052 436 425 527 524
1053 236 231 253 263
1054 534 553 573 572
1055 544 506 503 553
1056 69 74 59 81
1057 324 337 295 312
1058 327 288 312 302
1059 312 327 302 392
1060 600 562 567 579
1061 610 625 647 638
1062 137 121 148 111
1063 662 638 672 664
1064 204 199 208 228
1065 74 80 63 90
1066 614 634 605 629
1067 625 626 651 638
1068 607 640 614 629
1069 607 640 629 632
1070 374 333 386 411
1071 277 302 288 287
1072 151 132 156 154
1073 156 151 154 170
1074 156 151 170 171
1075 151 132 154 150
1076 279 281 285 318
1077 667 655 634 660
1078 634 667 660 646
1079 655 634 660 619
1080 280 283 261 256
1081 59 73 81 90
1082 73 81 90 109
1083 74 63 59 90
1084 667 655 660 681
1085 544 575 570 553
1086 406 408 435 374
1087 435 406 374 476
1088 374 435 476 411
1089 600 617 624 587
1090 401 467 445 400
1091 408 353 360 377
1092 455 440 476 406
1093 428 425 392 514
1094 614 640 646 634
1095 142 151 156 171
1096 63 72 58 78
1097 63 72 78 80
1098 58 63 78 54
1099 505 553 534 551
1100 553 534 551 572
1101 551 553 572 550
1102 572 551 550 537
1103 572 551 537 534
1104 551 550 537 505
1105 551 550 505 553
1106 132 108 140 93
1107 275 272 258 292
1108 275 272 292 299
1109 292 275 299 298
1110 292 275 298 290
1111 206 218 226 231
1112 299 300 293 272
1113 124 132 140 156
1114 132 140 156 154
1115 132 140 154 141
1116 132 140 141 123
1117 154 132 141 139
1118 154 132 139 148
1119 139 154 148 157
1120 148 139 157 129
1121 148 139 129 110
1122 139 157 129 141
1123 139 129 110 141
1124 139 154 157 141
1125 132 141 139 110
1126 139 132 110 148
1127 375 426 400 436
1128 534 505 551 459
1129 337 375 400 373
1130 537 551 505 459
1131 59 63 54 73
1132 231 240 253 254
1133 88 107 110 118
1134 445 517 468 431
1135 517 468 431 436
1136 468 445 431 390
1137 431 468 390 436
1138 468 445 390 418
1139 390 468 418 392
1140 445 431 390 383
1141 431 390 383 358
1142 390 383 358 327
1143 358 390 327 392
1144 383 358 327 337
1145 431 390 358 436
1146 358 431 436 400
1147 358 431 400 383
1148 431 400 383 445
1149 400 358 383 337
1150 400 358 337 373
1151 390 445 383 354
1152 383 390 354 327
1153 390 354 327 336
1154 354 383 327 330
1155 354 383 330 401
1156 354 383 401 445
1157 383 330 401 400
1158 383 401 445 400
1159 390 445 354 418
1160 390 354 336 418
1161 383 400 337 330
1162 431 436 400 467
1163 400 431 467 445
1164 431 467 445 517
1165 431 467 517 436
1166 336 390 418 392
1167 358 327 337 312
1168 358 327 312 392
1169 337 358 312 373
1170 358 312 373 392
1171 72 58 78 67
1172 301 283 312 324
1173 202 189 184 180
1174 202 189 180 205
1175 189 184 180 170
1176 204 218 185 199
1177 204 218 199 228
1178 577 565 566 596
1179 269 280 261 256
1180 541 560 545 522
1181 640 669 646 660
1182 456 411 510 455
1183 184 202 180 175
1184 202 180 175 194
1185 180 175 194 177
1186 180 175 177 158
1187 175 194 177 173
1188 194 177 173 174
1189 180 175 158 159
1190 180 175 159 184
1191 194 180 177 199
1192 294 280 269 277
1193 481 414 461 473
1194 481 414 473 505
1195 473 481 505 537
1196 505 473 537 459
1197 505 473 459 458
1198 505 473 458 414
1199 473 459 458 369
1200 461 481 473 537
1201 54 65 73 78
1202 519 517 475 436
1203 177 175 173 146
1204 194 177 174 198
1205 194 177 198 199
1206 199 181 208 190
1207 608 585 572 590
1208 608 585 590 622
1209 585 590 622 604
1210 590 622 604 609
1211 585 590 604 564
1212 585 590 564 553
1213 590 564 553 575
1214 590 604 564 575
1215 604 564 575 597
1216 564 585 553 550
1217 585 590 553 572
1218 622 585 604 597
1219 604 622 597 632
1220 604 622 632 629
1221 604 622 629 609
1222 564 553 575 544
1223 575 564 544 558
1224 564 553 544 503
1225 544 564 503 558
1226 151 154 170 150
1227 218 204 229 228
1228 610 582 587 621
1229 345 342 357 299
1230 646 669 676 667
1231 233 231 263 244
1232 233 231 244 218
1233 327 288 302 336
1234 243 228 222 219
1235 243 228 219 244
1236 228 222 219 199
1237 222 243 219 212
1238 243 219 212 233
1239 219 212 233 218
1240 219 212 218 199
1241 219 222 212 199
1242 647 610 638 621
1243 137 148 133 111
1244 422 481 509 419
1245 258 275 292 290
1246 205 208 190 199
1247 205 208 199 228
1248 199 205 228 222
1249 190 205 199 189
1250 199 205 222 194
1251 288 277 287 262
1252 287 288 262 255
1253 604 564 597 585
1254 54 58 50 65
1255 590 608 622 609
1256 130 117 122 103
1257 467 475 517 436
1258 373 358 392 436
1259 373 358 436 400
1260 550 558 509 503
1261 675 680 656 663
1262 675 680 663 677
1263 663 675 677 649
1264 677 663 649 660
1265 663 649 660 629
1266 677 663 660 678
1267 663 660 678 657
1268 663 660 657 629
1269 677 663 678 680
1270 678 663 657 680
1271 660 678 657 669
1272 678 657 669 666
1273 663 675 649 656
1274 660 677 678 679
1275 678 660 679 667
1276 660 679 667 681
1277 679 667 681 683
1278 681 679 683 694
1279 660 677 679 681
1280 677 678 679 694
1281 679 667 683 678
1282 649 677 660 655
1283 657 660 669 640
1284 669 657 640 666
1285 657 660 640 629
1286 640 657 629 632
1287 663 649 629 656
1288 677 679 681 694
1289 680 656 663 666
1290 657 663 629 656
1291 246 270 252 254
1292 270 252 254 273
1293 246 270 254 264
1294 254 270 273 290
1295 270 254 264 282
1296 254 270 290 282
1297 252 246 254 226
1298 332 290 311 292
1299 332 290 292 298
1300 695 680 688 678
1301 100 94 84 110
1302 173 161 177 146
1303 161 177 146 152
1304 360 304 387 377
1305 246 252 229 226
1306 690 683 676 684
1307 690 683 684 696
1308 684 690 696 676
1309 683 676 684 678
1310 586 610 587 624
1311 586 610 624 612
1312 181 199 166 190
1313 572 585 550 553
1314 253 259 236 263
1315 300 293 272 281
1316 125 117 130 90
1317 246 228 243 244
1318 459 505 458 534
1319 622 656 632 629
1320 330 297 284 291
1321 297 284 291 255
1322 573 590 609 608
1323 177 161 166 152
1324 327 390 336 392
1325 455 476 411 374
1326 125 141 123 107
1327 123 125 107 109
1328 125 107 109 90
1329 125 141 107 144
1330 125 107 90 118
1331 302 288 287 336
1332 288 287 336 297
1333 288 287 297 255
1334 414 404 461 441
1335 404 461 441 459
1336 414 404 441 369
1337 441 404 459 369
1338 461 441 459 473
1339 441 459 473 369
1340 461 441 473 414
1341 441 473 414 369
1342 414 404 369 342
1343 121 132 151 150
1344 204 208 229 228
1345 157 141 144 129
1346 311 290 282 285
1347 657 640 666 632
1348 688 680 675 677
1349 170 189 171 158
1350 292 300 272 279
1351 354 297 330 327
1352 354 297 327 336
1353 550 585 558 564
1354 545 522 489 541
1355 676 683 667 678
1356 283 324 295 312
1357 566 541 545 489
1358 664 635 638 651
1359 162 182 167 164
1360 35 26 31 28
1361 35 26 28 24
1362 26 28 24 21
1363 28 24 21 29
1364 28 24 29 33
1365 28 24 33 35
1366 29 28 33 36
1367 29 28 36 31
1368 21 28 29 31
1369 28 33 36 35
1370 36 28 35 31
1371 35 36 31 40
1372 36 31 40 34
1373 36 31 34 29
1374 34 36 29 38
1375 34 36 38 40
1376 29 34 38 37
1377 36 29 38 33
1378 31 34 29 27
1379 34 29 27 30
1380 38 36 33 42
1381 21 28 31 26
1382 33 36 35 43
1383 36 38 40 43
1384 31 34 27 39
1385 24 21 29 20
1386 24 21 20 10
1387 21 29 20 27
1388 20 21 27 23
1389 21 27 23 31
1390 20 21 23 13
1391 20 21 13 10
1392 21 29 27 31
1393 21 23 13 26
1394 13 20 10 9
1395 21 13 10 26
1396 29 20 27 30
1397 27 20 23 22
1398 27 23 31 32
1399 27 23 32 25
1400 27 34 30 39
1401 23 21 31 26
1402 36 35 43 40
1403 29 34 37 30
1404 24 26 21 10
1405 31 40 34 39
1406 40 34 39 37
1407 34 39 37 30
1408 56 76 60 57
1409 104 136 114 105
1410 96 70 83 71
1411 154 157 168 148
1412 39 45 40 37
1413 155 126 143 127
1414 51 43 48 42
1415 203 178 193 179
1416 695 688 710 694
1417 368 374 406 455
1418 549 515 544 570
1419 218 206 198 212
1420 198 218 212 199
1421 643 656 622 629
1422 373 312 344 392
1423 473 461 537 459
1424 678 660 667 669
1425 125 109 117 90
1426 358 390 392 436
1427 246 229 228 218
1428 122 106 120 91
1429 345 342 299 298
1430 105 85 119 114
1431 357 345 422 399
1432 119 147 138 135
1433 119 147 135 143
1434 147 138 135 164
1435 138 119 135 105
1436 147 135 143 162
1437 207 223 195 210
1438 207 223 210 235
1439 223 195 210 211
1440 210 223 211 221
1441 211 210 221 193
1442 210 221 193 203
1443 193 210 203 179
1444 210 221 203 230
1445 210 223 221 230
1446 203 210 230 207
1447 203 210 207 179
1448 195 210 211 193
1449 223 211 221 232
1450 211 221 232 234
1451 223 211 232 215
1452 232 211 234 215
1453 195 210 193 179
1454 221 232 234 256
1455 223 195 211 215
1456 195 207 210 179
1457 221 211 193 209
1458 221 211 209 234
1459 221 223 232 242
1460 232 221 242 256
1461 223 232 242 248
1462 242 223 248 235
1463 232 242 248 256
1464 242 248 256 255
1465 248 242 235 255
1466 256 242 255 230
1467 221 223 242 230
1468 675 656 643 649
1469 185 177 166 199
1470 185 177 199 198
1471 390 468 392 436
1472 242 255 230 235
1473 695 682 680 678
1474 254 250 273 252
1475 254 250 252 226
1476 242 223 235 230
1477 318 311 285 292
1478 477 534 459 458
1479 597 604 632 607
1480 656 666 632 657
1481 419 369 414 458
1482 273 298 275 290
1483 77 61 85 75
1484 77 61 75 57
1485 61 85 75 83
1486 85 77 75 105
1487 85 75 83 104
1488 52 47 42 51
1489 147 172 164 167
1490 683 697 681 694
1491 344 294 302 312
1492 302 344 312 392
1493 624 586 612 600
1494 442 359 450 362
1495 337 324 340 312
1496 107 123 109 81
1497 218 219 199 228
1498 218 219 228 244
1499 638 635 610 626
1500 450 453 362 371
1501 106 101 95 79
1502 95 106 79 87
1503 79 95 87 65
1504 87 79 65 78
1505 106 79 87 78
1506 95 106 87 102
1507 79 95 65 101
1508 106 101 79 98
1509 79 106 98 78
1510 101 79 98 65
1511 79 98 65 78
1512 106 101 98 117
1513 101 98 117 109
1514 98 106 117 122
1515 117 98 122 103
1516 98 117 109 90
1517 98 117 90 103
1518 90 98 103 78
1519 98 103 78 122
1520 47 38 42 48
1521 235 262 248 255
1522 172 188 164 182
1523 683 684 696 692
1524 684 696 692 685
1525 684 696 685 669
1526 692 684 685 678
1527 684 685 678 669
1528 685 692 678 695
1529 683 684 692 678
1530 685 678 669 682
1531 696 692 685 705
1532 685 696 705 703
1533 705 685 703 695
1534 703 705 695 726
1535 705 685 695 692
1536 696 705 703 718
1537 705 703 718 726
1538 718 705 726 721
1539 726 718 721 725
1540 726 718 725 703
1541 718 721 725 709
1542 718 721 709 696
1543 725 718 709 703
1544 709 718 696 703
1545 718 721 696 705
1546 685 703 695 682
1547 695 685 682 678
1548 685 703 682 696
1549 695 705 692 710
1550 696 692 705 714
1551 705 696 714 721
1552 696 714 721 704
1553 714 721 704 716
1554 704 714 716 698
1555 716 704 698 683
1556 704 714 698 692
1557 696 714 704 692
1558 721 704 716 715
1559 704 716 715 690
1560 704 716 690 683
1561 715 704 690 702
1562 704 690 702 696
1563 702 704 696 721
1564 690 702 696 689
1565 690 702 689 715
1566 702 704 721 715
1567 696 702 721 709
1568 696 702 709 693
1569 702 709 693 719
1570 702 709 719 721
1571 709 693 719 723
1572 704 690 696 683
1573 692 705 714 713
1574 705 714 713 726
1575 714 692 713 698
1576 692 705 713 710
1577 704 698 683 692
1578 698 683 692 697
1579 698 683 697 716
1580 705 713 710 726
1581 714 705 721 726
1582 709 719 721 725
1583 709 719 725 723
1584 696 702 693 689
1585 678 684 669 676
1586 684 669 676 696
1587 713 692 710 694
1588 713 692 694 706
1589 692 694 706 697
1590 713 692 706 698
1591 692 706 698 697
1592 706 698 697 716
1593 694 713 706 724
1594 713 706 724 716
1595 710 713 694 724
1596 694 706 697 724
1597 706 698 716 713
1598 695 705 710 726
1599 714 721 716 724
1600 721 714 726 724
1601 564 597 585 558
1602 550 505 553 503
1603 619 580 605 609
1604 596 560 565 566
1605 242 221 230 256
1606 553 564 550 503
1607 212 216 233 206
1608 129 144 118 107
1609 573 580 609 571
1610 282 264 263 254
1611 153 175 159 158
1612 173 192 194 174
1613 74 94 80 118
1614 205 199 189 180
1615 90 98 78 73
1616 243 246 244 264
1617 246 244 264 254
1618 246 244 254 226
1619 244 264 254 263
1620 254 244 263 253
1621 88 94 74 118
1622 110 108 82 100
1623 231 253 263 244
1624 23 20 13 9
1625 20 27 30 22
1626 468 513 418 511
1627 468 513 511 514
1628 418 468 511 514
1629 680 682 666 678
1630 10 13 9 2
1631 551 537 534 459
1632 38 34 40 41
1633 34 40 41 37
1634 41 34 37 38
1635 132 141 110 123
1636 643 622 608 609
1637 573 543 580 571
1638 173 175 153 146
1639 649 660 629 619
1640 144 125 130 118
1641 263 233 244 264
1642 425 436 392 514
1643 657 663 656 666
1644 505 458 419 414
1645 211 209 234 215
1646 211 209 215 188
1647 253 272 279 285
1648 141 123 107 110
1649 90 98 73 109
1650 519 517 436 514
1651 702 693 689 707
1652 689 702 707 715
1653 702 707 715 719
1654 702 707 719 693
1655 707 719 693 708
1656 707 719 708 712
1657 707 719 712 715
1658 708 707 712 687
1659 712 707 715 689
1660 707 712 687 689
1661 687 707 689 693
1662 693 707 708 687
1663 719 693 708 723
1664 581 610 591 626
1665 218 185 199 198
1666 98 106 122 78
1667 254 240 226 244
1668 254 240 244 231
1669 240 244 231 226
1670 244 254 231 253
1671 714 716 698 713
1672 271 248 277 262
1673 153 159 133 128
1674 282 263 285 254
1675 468 517 514 436
1676 37 41 38 44
1677 37 41 44 45
1678 41 44 45 46
1679 41 44 46 38
1680 45 41 46 40
1681 41 46 40 38
1682 45 41 40 37
1683 44 45 46 56
1684 45 46 56 48
1685 46 45 40 48
1686 40 46 48 38
1687 440 455 368 406
1688 231 233 206 218
1689 414 481 419 505
1690 146 128 152 158
1691 103 90 78 80
1692 503 505 419 509
1693 663 657 680 666
1694 93 110 82 84
1695 223 232 248 241
1696 342 300 318 389
1697 635 626 591 610
1698 223 232 241 215
1699 232 241 215 234
1700 232 241 234 261
1701 234 232 261 256
1702 211 195 193 187
1703 211 195 187 188
1704 187 211 188 209
1705 187 211 209 193
1706 195 187 188 172
1707 187 188 172 182
1708 187 188 182 209
1709 195 187 172 193
1710 182 187 209 193
1711 442 446 355 362
1712 285 279 318 300
1713 291 271 297 255
1714 291 312 283 295
1715 283 291 295 260
1716 291 312 295 337
1717 295 291 337 330
1718 348 355 442 434
1719 222 205 202 194
1720 226 218 229 246
1721 172 187 182 167
1722 187 182 167 193
1723 172 187 167 193
1724 246 244 226 218
1725 706 697 724 720
1726 706 697 720 716
1727 724 706 720 716
1728 710 713 724 727
1729 710 713 727 726
1730 713 724 727 726
1731 132 110 93 123
1732 709 696 693 701
1733 38 36 42 43
1734 360 310 304 377
1735 682 685 696 669
1736 612 635 591 610
1737 134 150 128 133
1738 564 597 558 575
1739 27 30 22 32
1740 27 30 32 39
1741 678 677 680 688
1742 253 259 263 285
1743 272 292 279 285
1744 272 258 292 285
1745 266 261 286 260
1746 693 709 701 723
1747 132 140 123 93
1748 263 253 285 254
1749 281 293 313 300
1750 586 566 591 612
1751 10 13 2 14
1752 10 13 14 26
1753 13 14 26 23
1754 13 14 23 11
1755 13 14 11 6
1756 13 14 6 2
1757 23 13 11 9
1758 13 11 9 6
1759 434 443 349 355
1760 130 103 118 90
1761 541 532 479 536
1762 283 286 261 260
1763 558 550 564 503
1764 195 211 215 188
1765 189 190 171 169
1766 189 190 169 199
1767 190 171 169 152
1768 171 189 169 158
1769 130 117 103 90
1770 121 150 148 132
1771 107 125 144 118
1772 700 693 701 723
1773 701 703 725 709
1774 701 703 709 696
1775 244 226 218 231
1776 87 95 102 92
1777 102 87 92 66
1778 87 95 92 66
1779 184 170 168 150
1780 411 437 510 455
1781 577 586 600 612
1782 111 94 100 110
1783 509 481 550 505
1784 49 50 55 66
1785 152 146 158 177
1786 607 614 605 629
1787 572 608 590 573
1788 257 284 255 256
1789 27 23 25 22
1790 158 150 170 184
1791 74 59 81 90
1792 605 619 609 629
1793 246 228 244 218
1794 393 313 365 376
1795 365 393 376 459
1796 393 376 459 389
1797 376 459 389 369
1798 389 376 369 316
1799 389 376 316 313
1800 376 369 316 313
1801 393 376 389 313
1802 369 389 316 300
1803 316 369 300 313
1804 300 316 313 281
1805 316 313 281 318
1806 316 313 318 389
1807 318 316 389 300
1808 318 316 300 279
1809 280 269 277 256
1810 103 118 90 80
1811 300 292 318 285
1812 725 701 709 723
1813 640 646 634 660
1814 614 640 634 629
1815 660 649 655 619
1816 678 679 694 683
1817 587 621 617 624
1818 63 54 73 78
1819 59 63 73 90
1820 624 586 600 587
1821 171 169 152 158
1822 169 152 158 177
1823 311 290 285 292
1824 719 708 712 717
1825 719 708 717 723
1826 657 678 680 666
1827 135 119 143 114
1828 143 135 114 136
1829 135 114 136 105
1830 135 119 114 105
1831 143 135 136 162
1832 135 136 162 138
1833 135 136 138 105
1834 279 281 318 316
1835 279 281 316 300
1836 536 552 489 566
1837 646 669 667 660
1838 290 282 285 254
1839 101 98 109 73
1840 669 676 667 678
1841 168 154 148 150
1842 148 168 150 159
1843 150 148 159 133
1844 159 150 133 128
1845 168 150 159 184
1846 154 148 150 132
1847 158 180 159 184
1848 721 702 715 719
1849 677 660 655 681
1850 102 116 120 86
1851 55 67 64 86
1852 383 327 330 337
1853 54 58 65 78
1854 58 50 65 62
1855 58 50 62 55
1856 50 65 62 66
1857 50 62 55 66
1858 692 710 694 695
1859 694 692 695 678
1860 694 692 678 683
1861 141 144 129 107
1862 541 566 532 536
1863 232 248 241 269
1864 241 232 269 261
1865 541 566 536 489
1866 468 418 392 514
1867 189 169 158 180
1868 189 169 180 199
1869 169 158 180 177
1870 75 61 83 60
1871 83 75 60 76
1872 75 60 76 57
1873 75 61 60 57
1874 83 75 76 104
1875 75 76 104 77
1876 75 76 77 57
1877 168 154 150 170
1878 694 692 683 697
1879 36 33 42 43
1880 65 58 62 78
1881 58 78 67 62
1882 67 58 62 55
1883 271 288 297 255
1884 473 414 369 458
1885 166 177 152 169
1886 152 166 169 190
1887 166 177 169 199
1888 166 169 190 199
1889 550 509 505 503
1890 436 425 524 514
1891 678 677 688 694
1892 180 169 177 199
1893 476 479 536 489
1894 244 243 264 233
1895 587 610 621 624
1896 292 279 285 300
1897 218 219 244 233
1898 626 635 651 638
1899 481 550 505 537
1900 524 514 527 436
1901 714 713 726 724
1902 714 713 724 716
1903 656 643 649 629
1904 46 56 48 60
1905 48 46 60 47
1906 48 46 47 38
1907 46 47 38 44
1908 46 47 44 57
1909 44 46 57 56
1910 46 57 56 60
1911 46 47 57 60
1912 25 23 11 18
1913 25 23 18 22
1914 18 25 22 11
1915 23 11 18 9
1916 11 18 9 22
1917 18 9 22 20
1918 18 9 20 23
1919 22 18 20 23
1920 180 189 170 158
1921 31 27 32 39
1922 275 273 290 258
1923 158 142 128 152
1924 158 142 152 171
1925 106 87 102 120
1926 106 87 120 91
1927 313 365 376 369
1928 365 376 369 459
1929 260 257 256 284
1930 686 711 687 691
1931 699 691 700 708
1932 260 256 261 283
1933 260 256 283 291
1934 699 700 722 708
1935 19 25 11 15
1936 19 25 15 16
1937 15 19 16 8
1938 16 15 8 9
1939 15 8 9 11
1940 16 15 9 22
1941 16 15 22 25
1942 15 22 25 11
1943 15 19 8 11
1944 15 9 22 11
1945 19 16 8 12
1946 8 9 11 5
1947 8 9 5 4
1948 11 8 5 7
1949 5 8 4 7
1950 8 4 7 12
1951 9 11 5 6
1952 11 5 6 7
1953 16 8 12 4
1954 8 16 9 4
1955 19 8 11 7
1956 5 9 6 2
1957 6 5 2 1
1958 5 9 2 4
1959 5 2 1 4
1960 271 248 262 255
1961 541 479 522 489
1962 78 72 67 91
1963 78 72 91 103
1964 91 78 103 122
1965 78 72 103 80
1966 32 27 25 22
1967 258 254 273 290
1968 219 244 233 243
1969 210 230 207 235
1970 704 696 692 683
1971 436 373 400 375
1972 125 130 118 90
1973 284 330 291 295
1974 291 284 295 260
1975 218 206 212 233
1976 184 180 170 158
1977 98 78 73 65
1978 107 141 110 129
1979 288 271 262 255
1980 509 481 505 419
1981 75 85 105 104
1982 406 374 476 455
1983 77 75 105 104
1984 135 147 164 162
1985 223 210 235 230
1986 138 135 164 162
1987 1 5 4 3
1988 1 5 3 6
1989 5 3 6 7
1990 5 3 7 4
1991 159 150 128 158
1992 159 150 158 184
1993 708 712 717 711
1994 717 708 711 691
1995 717 708 691 699
1996 291 327 337 330
1997 290 285 292 258
1998 660 640 629 634
1999 629 660 634 619
2000 175 153 146 158
2001 73 98 65 101
2002 610 586 591 612
2003 67 78 91 62
2004 73 63 78 90
2005 63 78 90 80
2006 153 159 128 158
2007 708 712 711 687
2008 74 80 90 118
2009 708 693 687 691
2010 708 693 691 700
2011 102 87 66 86
2012 129 148 110 111
2013 62 55 66 86
2014 327 302 392 336
2015 87 102 120 86
2016 178 160 155 165
2017 155 178 165 167
2018 165 155 167 143
2019 167 165 143 147
2020 165 155 143 145
2021 165 155 145 160
2022 145 165 160 147
2023 155 145 160 127
2024 145 160 127 147
2025 143 165 145 147
2026 155 143 145 127
2027 127 145 147 143
2028 178 165 167 193
2029 165 167 193 172
2030 165 167 172 147
2031 172 165 147 160
2032 178 165 193 179
2033 172 165 160 179
2034 165 160 179 178
2035 248 232 256 269
2036 162 167 143 147
2037 104 114 83 85
2038 83 70 60 68
2039 83 70 68 71
2040 70 68 71 52
2041 68 71 52 61
2042 68 71 61 85
2043 61 68 85 83
2044 68 85 83 89
2045 68 85 89 71
2046 89 68 71 83
2047 60 83 68 61
2048 68 60 61 53
2049 61 68 53 52
2050 68 53 52 51
2051 53 52 51 47
2052 53 52 47 61
2053 47 53 61 60
2054 68 60 53 51
2055 51 53 47 48
2056 53 47 48 60
2057 51 53 48 60
2058 85 83 89 114
2059 85 89 71 99
2060 89 71 99 96
2061 99 89 96 112
2062 99 89 112 119
2063 89 96 112 114
2064 85 89 99 119
2065 96 99 112 126
2066 112 96 126 114
2067 89 112 119 114
2068 112 119 114 143
2069 114 112 143 126
2070 112 143 126 127
2071 126 112 127 99
2072 112 127 99 119
2073 89 71 96 83
2074 96 89 83 114
2075 112 127 119 143
2076 85 89 119 114
2077 48 43 40 38
2078 202 180 194 205
2079 19 8 7 17
2080 19 8 17 12
2081 8 7 17 12
2082 629 657 656 632
2083 70 60 68 51
2084 643 649 629 609
2085 649 629 609 619
2086 514 468 436 392
2087 68 70 51 52
2088 13 9 2 6
2089 195 172 179 193
2090 541 479 489 536
2091 232 261 256 269
2092 57 47 61 60
2093 269 248 277 256
2094 193 165 172 179
2095 167 162 164 147
2096 114 104 105 85
2097 110 107 129 118
2098 129 110 118 94
2099 172 164 167 182
2100 695 688 694 678
2101 47 51 48 42
2102 708 717 723 722
2103 708 717 722 699
2104 369 419 365 458
2105 43 48 42 38
2106 199 205 194 180
2107 723 722 700 708
2108 177 175 146 158
2109 87 95 66 65
2110 678 669 682 666
2111 365 369 458 459
2112 708 693 700 723
2113 65 62 66 87
2114 62 66 87 86
2115 65 62 87 78
2116 91 78 122 106
2117 121 110 148 111
2118 110 88 118 94
2119 119 147 143 127
2120 622 643 629 609
2121 258 254 290 285
2122 260 256 291 284
2123 62 67 55 86
2124 78 91 62 87
2125 106 87 91 78
2126 687 708 691 711
2127 87 120 91 86
2128 194 212 222 199
2129 87 62 86 91
2130 94 111 129 110
2131 291 256 255 284
2132 91 67 62 86
EndElements

Dirichlet
1
2
3
4
6
7
9
10
11
12
14
16
17
19
20
22
23
24
25
26
29
30
31
32
33
35
37
38
39
40
42
43
44
45
47
48
51
52
56
57
EndDirichlet

Neumann
686
687
689
690
691
693
696
697
699
700
701
703
710
711
712
715
716
717
719
720
721
722
723
724
725
726
727
EndNeumann
